1.53766713954610	3.38054589958955
2.83388501459509	1.74218648425284
-1.25884686100365	1.00298694175144
1.86217332036812	1.71074259496652
1.31876523985898	2.56090289011894
-0.307688296305273	0.551998457431250
0.566407977694317	2.43136718428324
1.34262446653865	3.14939771008400
4.57839693972576	6.05381314297233
3.76943702988488	3.12791721532198
-0.349886940156521	-1.50372159889956
4.03492346633185	2.40679021865547
1.72540422494611	4.15466197211253
0.936945126810344	0.550144433451438
1.71474290382610	3.62859393228240
0.795033941700225	2.06161943134799
0.875855651783688	3.83849881247220
2.48969760778547	0.150821931799437
2.40903448980048	2.44298707461711
2.41719241342961	1.11076681862003
1.67149713360808	6.18268159674832
-0.207486922685038	2.48791852431763
1.71723865132884	4.18282778491153
2.63023528916473	1.41527674212600
1.48889377031179	1.62452674111476
2.03469300991786	2.15690335658459
1.72688513338324	3.81652175313384
0.696559075213984	1.48068952236652
1.29387146709666	3.07498784989917
0.212717196241362	-1.10793923465613
1.88839563175764	1.97609826811287
-0.147070106969150	0.336962382160988
-0.0688704581680317	-0.620685571931320
0.190501305575124	2.26723795209855
-1.94428416199490	0.900887772080399
2.43838029281510	2.76347986757882
1.32519053945620	0.398305186046680
0.245071680830297	3.11406792723388
2.37029854009523	3.14839308740338
-0.711516418853698	0.748614619648966
0.897757553914509	1.97915912654857
0.758552958392642	1.53268909641908
1.31920673916550	-0.155709964647027
1.31285859663743	1.77854858201611
0.135120082675544	0.467765522360153
0.969948703803731	0.689606169052314
0.835120980790962	0.387784892100332
1.62770728752873	1.60802393301406
2.09326566903948	-0.102605227378962
2.10927329761440	3.83019227835454
0.136347178011286	2.25614843663472
1.07735909113043	2.01218518819469
-0.214117043615409	1.34694365496880
-0.113500741486764	0.387378454104321
0.993150671896652	3.34416929632527
2.53263030828475	2.59008499361022
0.230334086246318	0.669932484305624
1.37137881276006	3.97340474066446
0.774415597728748	1.58986364074413
2.11735613881447	1.77946590426490
-0.0890642950522358	1.06686836930467
1.03255746416497	0.894577746686918
1.55252702111222	0.794473049768039
2.10061021788087	5.89188860752582
2.54421189550395	4.96212341117496
1.08593113317543	2.44979634196424
-0.491590310637609	-0.408806429028336
0.257698162740143	0.483942493107641
-0.0615817333199864	1.23567645125226
3.35045722400204	4.22217365332679
0.384398118533106	-0.0698771627527708
1.74807678370399	-0.708086149186812
0.807581489411737	-0.0131847864882535
1.88861042542072	2.88549857462941
0.235150763432126	2.13528753772516
-0.402268969338759	1.89638122273576
-0.422375925091496	1.11646164151831
1.48819390985994	2.48709478803247
0.822624843381175	1.28142118769695
0.803946512192667	3.04232066056770
2.41931015064255	0.908302609533424
1.29158437398418	2.74773970975996
1.19781105346436	0.976168549396033
2.58769908997406	2.35083576607576
0.195534043650453	2.32903065295896
1.69662441584961	3.72289993733765
1.83508816507268	0.939047076763627
0.756284859622048	3.54583714604183
1.21567008640374	2.98112233365954
-0.165843931482049	1.32730034562813
-0.147952778898594	1.16777024040659
1.10487471601649	1.76457121491458
1.72225403222500	1.96015332281998
3.58549125261624	3.32323212182663
0.333109329298615	1.73440542776524
1.18733102457894	3.18644386740147
0.917505574629045	3.97875307275947
-0.933022917850987	1.65115828125840
0.561033846065227	1.50309225303775
-0.794678841455123	1.92970968273720
2.77041986143674	1.71532269330102
2.79344755528091	1.44989091346422
2.24762229558018	1.65180328929152
5.37885371688920	1.47129685469350
1.76153168169238	0.552688566485028
2.31578219445405	1.77163125015237
1.99307351029408	-1.23822940940416
1.33941299574804	0.112855886072708
2.72813226707190	-0.256499210412162
2.61240616378660	0.545226227667019
5.16384930131286	2.14774621345104
2.64782583177064	1.68435347979771
1.49497495823256	-0.325649104890208
5.26763105768749	1.12626220980239
4.74609999471218	1.56470003179316
2.67525915876827	0.645801600737783
0.869968519532035	0.749817536572455
2.37120131177234	1.21690146967060
2.77946607234752	0.0749671339808449
3.39041946885064	0.932195299532832
2.63065883014410	-1.08672716902737
3.62709328308239	2.22816109694297
3.55422210599485	0.550095003292457
1.23127292779214	-0.568280305000220
1.65938080703918	0.427301701619562
1.95191771079212	-0.598397345837499
2.28183753318553	0.800948868460457
2.54663777080132	0.362205361259012
3.01763388740339	3.04153392034533
-1.28390367904702	0.993960936760305
2.35368369667634	-1.49720253297503
4.75708738686662	1.85209539023688
1.49145641455341	-0.684974124050880
4.32049103121938	1.09154048334585
3.49542871130194	1.27764310666267
2.95897965557613	1.68918605195207
3.25802632977133	0.809094548650463
0.786676558914466	1.92116291150286
2.88044312108581	0.520235268639618
5.26832268234143	1.87344020712545
3.13908475672525	1.65657302235304
3.05851112532140	1.09431441313635
1.96172808374885	1.56448789514223
2.95642280510927	1.29144390745978
3.32858829643041	0.348645484003270
3.60300306651487	-0.538021367395930
2.47276882128337	2.60674671406320
2.66560272076530	0.350914562143810
5.86193109788487	1.81216694159085
-0.193794813714843	0.728345745998524
6.15291231787626	1.89448833995534
3.47738716357191	0.273052911612034
4.41429957426089	0.916067962982004
0.646516029453798	0.294805158973163
2.16556511703208	2.17483027037504
2.60675788839317	0.0964701258069283
3.59781026355192	1.88344270758700
0.637979521214857	0.698185393133160
3.66699166089864	0.947991876698706
1.28477504113415	-0.417513710351578
3.09360686417622	0.757612190603558
3.92257054523887	1.14955130237837
3.46253264129114	-0.258860073312497
4.53107498477113	1.56253877522468
4.42280789491344	0.586517045896941
2.07947745104988	0.681715364744116
3.36353230413463	1.40538185871200
1.66444809817900	-0.180114361269240
1.13070874645756	0.263038050816921
4.30790137798116	1.65442907013584
3.00007049723829	-0.717271356097354
2.92233292612857	1.94964995893378
4.28852853613560	3.59000787201110
3.84086832884182	2.10765408293571
3.49525924965235	0.828437157997262
4.76812224344255	1.84297036491932
4.31492086244386	0.359655190833464
3.33907644989099	2.84135140538074
2.02368196504525	1.63586888615463
2.07856400322317	1.50613553916579
4.68588663303566	0.602166307725075
0.720527604086743	0.729416911535080
2.96540559744757	0.469114915635379
0.243913891437056	0.0196629267680886
4.44320213241376	0.827605079318781
4.21865088176277	0.345176780495813
3.00164343422300	0.150357199099114
2.89982105242774	0.778614285498619
-0.516136440568730	-1.46817594755953
3.82190178080416	1.77383374090669
-0.100571198436154	0.114666990593760
-0.279957664599789	0.834015190579810
3.11304333719486	1.28049404232683
1.65864532938162	1.12702453533218
3.58193561760627	-0.241848777942516
3.95739119422393	0.284977854767722
4.21301699831821	0.885128703628712
2.02255339112545	0.858214567347399
3.63551592930955	2.21471525319055
3.14231704884262	0.764343673835441